-0.839072
0.136737
0.660317
-0.999961
0.646919
0.154251
-0.84857
0.955074
-0.399985
-0.432178
0.964966
-0.82931
0.11918
0.673507
-0.999647
0.633319
0.171717
-0.857803
0.949678
-0.383698
-0.448074
0.969459
-0.819288
0.101586
0.686487
-0.999021
0.619521
0.189129
-0.866767
0.943984
-0.367291
-0.463829
0.973649
-0.80901
0.083959
0.699251
-0.998081
0.605528
0.206482
-0.875459
0.937995
-0.350769
-0.479439
0.977533
-0.798478
0.066307
0.711796
-0.996829
0.591345
0.22377
-0.883877
0.931711
-0.334137
-0.494898
0.981111
-0.787696
0.048634
0.724118
-0.995264
0.576978
0.240988
-0.892018
0.925136
-0.3174
-0.510203
0.984382
-0.776667
0.030945
0.736213
-0.993387
0.562429
0.258131
-0.89988
0.918271
-0.300564
-0.525348
0.987344
-0.765395
0.013247
0.748078
-0.991199
0.547704
0.275192
-0.907459
0.911118
-0.283633
-0.540328
0.989997
-0.753882
-0.004456
0.759708
-0.9887
0.532808
0.292168
-0.914755
0.903679
-0.266614
-0.555138
0.992339
-0.742134
-0.022157
0.771099
-0.985892
0.517744
0.309051
-0.921763
0.895958
-0.249511
-0.569775
0.994371
-0.730153
-0.039851
0.78225
-0.982774
0.502518
0.325838
-0.928483
0.887955
-0.23233
-0.584233
0.99609
-0.717943
-0.057533
0.793155
-0.979349
0.487135
0.342523
-0.934911
0.879674
-0.215076
-0.598508
0.997498
-0.705508
-0.075196
0.803811
-0.975616
0.471599
0.359101
-0.941047
0.871118
-0.197754
-0.612596
0.998593
-0.692852
-0.092836
0.814216
-0.971578
0.455915
0.375565
-0.946887
0.862288
-0.180371
-0.626491
0.999375
-0.679979
-0.110447
0.824365
-0.967235
0.440089
0.391913
-0.952431
0.853189
-0.162931
-0.640191
0.999844
-0.666893
-0.128023
0.834257
-0.96259
0.424124
0.408137
-0.957677
0.843822
-0.14544
-0.653689
1
-0.653598
-0.14556
0.843886
-0.957642
0.408027
0.424234
-0.962622
0.83419
-0.127904
-0.666983
0.999842
-0.640098
-0.16305
0.853252
-0.952395
0.391802
0.440197
-0.967266
0.824297
-0.110327
-0.680068
0.999371
-0.626397
-0.18049
0.862349
-0.946849
0.375454
0.456023
-0.971606
0.814146
-0.092716
-0.692939
0.998587
-0.612501
-0.197873
0.871177
-0.941006
0.358988
0.471705
-0.975643
0.80374
-0.075076
-0.705594
0.99749
-0.598412
-0.215194
0.879732
-0.934868
0.34241
0.48724
-0.979373
0.793081
-0.057412
-0.718027
0.99608
-0.584135
-0.232447
0.88801
-0.928438
0.325724
0.502623
-0.982796
0.782175
-0.039731
-0.730235
0.994358
-0.569676
-0.249628
0.896011
-0.921716
0.308937
0.517847
-0.985912
0.771023
-0.022036
-0.742215
0.992324
-0.555038
-0.26673
0.903731
-0.914706
0.292052
0.53291
-0.988718
0.759629
-0.004335
-0.753962
0.98998
-0.540226
-0.283749
0.911168
-0.907409
0.275076
0.547805
-0.991215
0.747998
0.013367
-0.765472
0.987325
-0.525245
-0.300679
0.918319
-0.899827
0.258014
0.562529
-0.993401
0.736132
0.031065
-0.776743
0.984361
-0.510099
-0.317514
0.925182
-0.891964
0.240871
0.577076
-0.995275
0.724035
0.048754
-0.78777
0.981088
-0.494794
-0.334251
0.931755
-0.883821
0.223653
0.591443
-0.996838
0.711711
0.066427
-0.798551
0.977508
-0.479333
-0.350882
0.938037
-0.875401
0.206364
0.605624
-0.998089
0.699165
0.08408
-0.809081
0.973621
-0.463722
-0.367403
0.944024
-0.866707
0.189011
0.619615
-0.999026
0.686399
0.101706
-0.819357
0.96943
-0.447966
-0.38381
0.949715
-0.857741
0.171599
0.633413
-0.999651
0.673418
0.1193
-0.829377
0.964934
-0.432069
-0.400096
0.955109
-0.848506
0.154132
0.647011
-0.999962
0.660226
0.136857
-0.839137
0.960137
-0.416037
-0.416256
0.960204
-0.839006
0.136618
0.660407
-0.99996
0.646827
0.154371
-0.848634
0.955038
-0.399875
-0.432287
0.964998
-0.829242
0.11906
0.673596
-0.999644
0.633226
0.171836
-0.857865
0.94964
-0.383587
-0.448181
0.969489
-0.819219
0.101466
0.686574
-0.999015
0.619426
0.189248
-0.866827
0.943944
-0.367179
-0.463936
0.973676
-0.808939
0.083839
0.699337
-0.998074
0.605432
0.2066
-0.875518
0.937953
-0.350656
-0.479545
0.977559
-0.798405
0.066187
0.711881
-0.996819
0.591248
0.223888
-0.883934
0.931668
-0.334023
-0.495003
0.981135
-0.787622
0.048513
0.724201
-0.995252
0.576879
0.241105
-0.892073
0.92509
-0.317286
-0.510307
0.984403
-0.776591
0.030824
0.736295
-0.993373
0.562329
0.258247
-0.899933
0.918223
-0.300449
-0.52545
0.987363
-0.765317
0.013126
0.748158
-0.991183
0.547603
0.275308
-0.90751
0.911068
-0.283518
-0.540429
0.990014
-0.753803
-0.004576
0.759786
-0.988682
0.532705
0.292283
-0.914803
0.903628
-0.266498
-0.555239
0.992354
-0.742053
-0.022277
0.771176
-0.985871
0.517641
0.309166
-0.92181
0.895904
-0.249394
-0.569874
0.994383
-0.730071
-0.039971
0.782325
-0.982752
0.502414
0.325952
-0.928527
0.8879
-0.232213
-0.584331
0.996101
-0.717859
-0.057653
0.793228
-0.979324
0.48703
0.342636
-0.934954
0.879617
-0.214958
-0.598605
0.997507
-0.705423
-0.075316
0.803883
-0.97559
0.471493
0.359213
-0.941087
0.871059
-0.197636
-0.612691
0.9986
-0.692765
-0.092956
0.814286
-0.971549
0.455808
0.375677
-0.946926
0.862227
-0.180253
-0.626585
0.99938
-0.679891
-0.110567
0.824434
-0.967205
0.439981
0.392024
-0.952468
0.853126
-0.162812
-0.640283
0.999846
-0.666803
-0.128143
0.834323
-0.962557
0.424015
0.408247
-0.957712
0.843757
-0.145321
-0.65378
1
-0.653507
-0.145679
0.843951
-0.957607
0.407917
0.424343
-0.962655
0.834124
-0.127784
-0.667073
0.99984
-0.640005
-0.163169
0.853314
-0.952358
0.391691
0.440305
-0.967296
0.824229
-0.110207
-0.680156
0.999367
-0.626303
-0.180608
0.86241
-0.94681
0.375342
0.45613
-0.971635
0.814076
-0.092596
-0.693026
0.99858
-0.612405
-0.197991
0.871236
-0.940965
0.358875
0.471812
-0.975669
0.803668
-0.074956
-0.705679
0.997481
-0.598315
-0.215311
0.879789
-0.934825
0.342297
0.487346
-0.979397
0.793008
-0.057292
-0.718111
0.996069
-0.584038
-0.232564
0.888066
-0.928393
0.32561
0.502727
-0.982819
0.782099
-0.03961
-0.730318
0.994345
-0.569577
-0.249744
0.896065
-0.921669
0.308822
0.51795
-0.985932
0.770946
-0.021916
-0.742296
0.992309
-0.554938
-0.266846
0.903783
-0.914657
0.291937
0.533012
-0.988736
0.759551
-0.004215
-0.754041
0.989963
-0.540125
-0.283865
0.911217
-0.907358
0.27496
0.547906
-0.991231
0.747917
0.013488
-0.76555
0.987306
-0.525142
-0.300794
0.918366
-0.899775
0.257898
0.562628
-0.993415
0.73605
0.031186
-0.776819
0.984339
-0.509996
-0.317629
0.925228
-0.891909
0.240754
0.577175
-0.995287
0.723952
0.048874
-0.787844
0.981065
-0.494689
-0.334364
0.931799
-0.883765
0.223535
0.59154
-0.996848
0.711627
0.066547
-0.798623
0.977482
-0.479227
-0.350995
0.938078
-0.875343
0.206246
0.60572
-0.998096
0.699078
0.0842
-0.809152
0.973594
-0.463615
-0.367516
0.944064
-0.866647
0.188893
0.61971
-0.999031
0.686311
0.101826
-0.819426
0.9694
-0.447858
-0.383921
0.949753
-0.857679
0.17148
0.633506
-0.999654
0.673329
0.11942
-0.829445
0.964903
-0.43196
-0.400206
0.955145
-0.848443
0.154013
0.647103
-0.999963
0.660136
0.136976
-0.839203
0.960103
-0.415928
-0.416366
0.960238
-0.83894
0.136498
0.660498
-0.999959
0.646735
0.15449
-0.848698
0.955002
-0.399764
-0.432395
0.965029
-0.829175
0.118941
0.673685
-0.999641
0.633133
0.171955
-0.857927
0.949602
-0.383476
-0.448289
0.969518
-0.81915
0.101346
0.686662
-0.99901
0.619331
0.189366
-0.866887
0.943905
-0.367067
-0.464043
0.973704
-0.808868
0.083719
0.699423
-0.998066
0.605336
0.206718
-0.875576
0.937911
-0.350543
-0.47965
0.977584
-0.798333
0.066066
0.711965
-0.996809
0.591151
0.224005
-0.88399
0.931624
-0.33391
-0.495108
0.981158
-0.787547
0.048393
0.724284
-0.99524
0.576781
0.241222
-0.892127
0.925045
-0.317171
-0.51041
0.984424
-0.776515
0.030704
0.736376
-0.993359
0.56223
0.258364
-0.899985
0.918175
-0.300334
-0.525553
0.987382
-0.765239
0.013005
0.748238
-0.991167
0.547502
0.275424
-0.907561
0.911018
-0.283402
-0.540531
0.990031
-0.753724
-0.004697
0.759864
-0.988664
0.532603
0.292398
-0.914852
0.903576
-0.266381
-0.555339
0.992369
-0.741972
-0.022398
0.771253
-0.985851
0.517538
0.309281
-0.921856
0.89585
-0.249277
-0.569973
0.994396
-0.729988
-0.040092
0.7824
-0.982729
0.50231
0.326066
-0.928572
0.887844
-0.232095
-0.584429
0.996112
-0.717775
-0.057773
0.793302
-0.9793
0.486924
0.34275
-0.934997
0.87956
-0.21484
-0.598702
0.997515
-0.705337
-0.075437
0.803955
-0.975563
0.471386
0.359326
-0.941128
0.870999
-0.197518
-0.612786
0.998606
-0.692678
-0.093076
0.814356
-0.971521
0.455701
0.375789
-0.946965
0.862166
-0.180134
-0.626679
0.999384
-0.679802
-0.110687
0.824502
-0.967174
0.439872
0.392135
-0.952505
0.853063
-0.162693
-0.640376
0.999849
-0.666713
-0.128263
0.83439
-0.962524
0.423906
0.408357
-0.957746
0.843692
-0.145202
-0.653872
1
-0.653415
-0.145798
0.844016
-0.957573
0.407807
0.424452
-0.962687
0.834057
-0.127665
-0.667163
0.999838
-0.639913
-0.163288
0.853377
-0.952321
0.39158
0.440414
-0.967327
0.824161
-0.110088
-0.680244
0.999363
-0.626209
-0.180727
0.862471
-0.946771
0.37523
0.456237
-0.971663
0.814006
-0.092476
-0.693113
0.998574
-0.61231
-0.198109
0.871295
-0.940924
0.358763
0.471918
-0.975695
0.803596
-0.074835
-0.705765
0.997473
-0.598219
-0.215429
0.879846
-0.934783
0.342183
0.487451
-0.979422
0.792934
-0.057171
-0.718195
0.996058
-0.58394
-0.232682
0.888121
-0.928348
0.325496
0.502831
-0.982841
0.782024
-0.03949
-0.7304
0.994332
-0.569478
-0.249861
0.896118
-0.921623
0.308707
0.518053
-0.985952
0.770869
-0.021795
-0.742376
0.992294
-0.554837
-0.266963
0.903834
-0.914608
0.291822
0.533114
-0.988754
0.759472
-0.004094
-0.75412
0.989946
-0.540023
-0.28398
0.911267
-0.907307
0.274845
0.548007
-0.991247
0.747837
0.013608
-0.765627
0.987287
-0.52504
-0.300909
0.918414
-0.899722
0.257781
0.562728
-0.993428
0.735968
0.031306
-0.776895
0.984318
-0.509892
-0.317743
0.925273
-0.891855
0.240637
0.577273
-0.995299
0.723868
0.048995
-0.787919
0.981041
-0.494584
-0.334478
0.931843
-0.883708
0.223418
0.591637
-0.996857
0.711542
0.066668
-0.798696
0.977457
-0.479121
-0.351108
0.93812
-0.875285
0.206128
0.605816
-0.998103
0.698992
0.08432
-0.809222
0.973566
-0.463508
-0.367628
0.944103
-0.866587
0.188774
0.619805
-0.999037
0.686223
0.101946
-0.819496
0.969371
-0.44775
-0.384032
0.949791
-0.857617
0.171361
0.633599
-0.999657
0.67324
0.119539
-0.829512
0.964871
-0.431852
-0.400317
0.955181
-0.848379
0.153894
0.647195
-0.999964
0.660045
0.137096
-0.839268
0.960069
-0.415818
-0.416476
0.960271
-0.838875
0.136379
0.660588
-0.999958
0.646643
0.154609
-0.848762
0.954966
-0.399654
-0.432504
0.965061
-0.829108
0.118821
0.673775
-0.999638
0.633039
0.172074
-0.857989
0.949564
-0.383364
-0.448397
0.969548
-0.819081
0.101226
0.68675
-0.999005
0.619237
0.189485
-0.866947
0.943865
-0.366955
-0.464149
0.973731
-0.808797
0.083599
0.699509
-0.998059
0.60524
0.206836
-0.875634
0.937869
-0.35043
-0.479756
0.977609
-0.79826
0.065946
0.71205
-0.9968
0.591054
0.224123
-0.884047
0.93158
-0.333796
-0.495213
0.981181
-0.787473
0.048272
0.724367
-0.995228
0.576682
0.241339
-0.892182
0.924999
-0.317057
-0.510514
0.984446
-0.776439
0.030583
0.736458
-0.993345
0.56213
0.25848
-0.900038
0.918128
-0.300219
-0.525655
0.987401
-0.765162
0.012885
0.748318
-0.991151
0.547401
0.27554
-0.907611
0.910969
-0.283286
-0.540632
0.990048
-0.753645
-0.004818
0.759943
-0.988646
0.532501
0.292514
-0.914901
0.903524
-0.266265
-0.555439
0.992384
-0.741891
-0.022519
0.77133
-0.985831
0.517435
0.309395
-0.921903
0.895797
-0.249161
-0.570072
0.994409
-0.729906
-0.040212
0.782475
-0.982707
0.502205
0.32618
-0.928617
0.887789
-0.231978
-0.584527
0.996122
-0.717691
-0.057894
0.793375
-0.979275
0.486819
0.342863
-0.935039
0.879502
-0.214723
-0.598798
0.997524
-0.705252
-0.075557
0.804026
-0.975537
0.47128
0.359438
-0.941169
0.87094
-0.1974
-0.612882
0.998612
-0.692591
-0.093196
0.814426
-0.971492
0.455593
0.375901
-0.947004
0.862105
-0.180015
-0.626773
0.999388
-0.679714
-0.110807
0.82457
-0.967143
0.439764
0.392245
-0.952542
0.853
-0.162574
-0.640469
0.999851
-0.666624
-0.128382
0.834456
-0.962491
0.423797
0.408467
-0.957781
0.843627
-0.145082
-0.653963
1
-0.653324
-0.145918
0.84408
-0.957538
0.407697
0.424561
-0.96272
0.833991
-0.127545
-0.667252
0.999836
-0.63982
-0.163407
0.85344
-0.952284
0.391469
0.440522
-0.967358
0.824092
-0.109968
-0.680333
0.999358
-0.626115
-0.180846
0.862532
-0.946732
0.375118
0.456345
-0.971692
0.813936
-0.092356
-0.6932
0.998568
-0.612215
-0.198227
0.871355
-0.940883
0.35865
0.472024
-0.975722
0.803524
-0.074715
-0.70585
0.997464
-0.598122
-0.215547
0.879904
-0.93474
0.34207
0.487556
-0.979446
0.792861
-0.057051
-0.718279
0.996048
-0.583842
-0.232799
0.888177
-0.928303
0.325382
0.502935
-0.982863
0.781949
-0.039369
-0.730482
0.994319
-0.569379
-0.249978
0.896172
-0.921576
0.308593
0.518157
-0.985972
0.770792
-0.021675
-0.742457
0.992279
-0.554737
-0.267079
0.903886
-0.91456
0.291706
0.533216
-0.988772
0.759394
-0.003974
-0.754199
0.989929
-0.539922
-0.284096
0.911317
-0.907257
0.274729
0.548108
-0.991263
0.747757
0.013729
-0.765705
0.987267
-0.524937
-0.301024
0.918462
-0.89967
0.257665
0.562828
-0.993442
0.735887
0.031427
-0.776971
0.984297
-0.509788
-0.317857
0.925319
-0.8918
0.24052
0.577371
-0.99531
0.723785
0.049115
-0.787993
0.981018
-0.494479
-0.334592
0.931886
-0.883652
0.2233
0.591734
-0.996867
0.711457
0.066788
-0.798768
0.977432
-0.479015
-0.351221
0.938162
-0.875226
0.20601
0.605912
-0.998111
0.698906
0.08444
-0.809293
0.973539
-0.463402
-0.36774
0.944143
-0.866526
0.188656
0.619899
-0.999042
0.686136
0.102066
-0.819565
0.969341
-0.447642
-0.384144
0.949829
-0.857555
0.171242
0.633692
-0.99966
0.673151
0.119659
-0.829579
0.964839
-0.431743
-0.400427
0.955216
-0.848315
0.153775
0.647287
-0.999965
0.659954
0.137215
-0.839334
0.960035
-0.415708
-0.416585
0.960305
-0.838809
0.136259
0.660679
-0.999956
0.646551
0.154728
-0.848825
0.954931
-0.399543
-0.432613
0.965092
-0.82904
0.118701
0.673864
-0.999635
0.632946
0.172192
-0.858051
0.949527
-0.383253
-0.448505
0.969578
-0.819012
0.101106
0.686837
-0.998999
0.619142
0.189603
-0.867008
0.943825
-0.366843
-0.464256
0.973759
-0.808726
0.083479
0.699596
-0.998051
0.605144
0.206954
-0.875692
0.937827
-0.350317
-0.479862
0.977635
-0.798188
0.065826
0.712135
-0.99679
0.590956
0.22424
-0.884103
0.931536
-0.333682
-0.495317
0.981205
-0.787399
0.048152
0.724451
-0.995217
0.576584
0.241456
-0.892236
0.924953
-0.316943
-0.510618
0.984467
-0.776363
0.030463
0.736539
-0.993331
0.56203
0.258597
-0.90009
0.91808
-0.300104
-0.525758
0.98742
-0.765084
0.012764
0.748398
-0.991135
0.5473
0.275656
-0.907662
0.910919
-0.283171
-0.540733
0.990065
-0.753565
-0.004938
0.760021
-0.988628
0.532399
0.292629
-0.914949
0.903473
-0.266149
-0.555539
0.992399
-0.741811
-0.022639
0.771406
-0.985811
0.517331
0.30951
-0.92195
0.895743
-0.249044
-0.570171
0.994422
-0.729823
-0.040333
0.78255
-0.982685
0.502101
0.326294
-0.928662
0.887733
-0.231861
-0.584625
0.996133
-0.717607
-0.058014
0.793448
-0.979251
0.486714
0.342976
-0.935082
0.879445
-0.214605
-0.598895
0.997532
-0.705166
-0.075677
0.804098
-0.97551
0.471174
0.359551
-0.94121
0.870881
-0.197282
-0.612977
0.998619
-0.692504
-0.093316
0.814496
-0.971464
0.455486
0.376012
-0.947042
0.862044
-0.179897
-0.626867
0.999392
-0.679626
-0.110927
0.824638
-0.967113
0.439656
0.392356
-0.952578
0.852937
-0.162455
-0.640561
0.999853
-0.666534
-0.128502
0.834522
-0.962459
0.423688
0.408577
-0.957816
0.843563
-0.144963
-0.654054
1
-0.653233
-0.146037
0.844145
-0.957503
0.407587
0.42467
-0.962753
0.833924
-0.127426
-0.667342
0.999834
-0.639727
-0.163526
0.853503
-0.952247
0.391358
0.44063
-0.967388
0.824024
-0.109848
-0.680421
0.999354
-0.626021
-0.180964
0.862593
-0.946693
0.375007
0.456452
-0.97172
0.813866
-0.092236
-0.693287
0.998561
-0.612119
-0.198345
0.871414
-0.940843
0.358538
0.472131
-0.975748
0.803453
-0.074595
-0.705935
0.997455
-0.598025
-0.215665
0.879961
-0.934697
0.341957
0.487661
-0.97947
0.792787
-0.056931
-0.718363
0.996037
-0.583744
-0.232916
0.888232
-0.928258
0.325268
0.503039
-0.982885
0.781874
-0.039249
-0.730565
0.994307
-0.56928
-0.250095
0.896225
-0.921529
0.308478
0.51826
-0.985992
0.770715
-0.021554
-0.742538
0.992265
-0.554637
-0.267195
0.903937
-0.914511
0.291591
0.533318
-0.98879
0.759315
-0.003853
-0.754278
0.989912
-0.53982
-0.284211
0.911366
-0.907206
0.274613
0.548208
-0.991278
0.747677
0.013849
-0.765783
0.987248
-0.524835
-0.301139
0.918509
-0.899617
0.257548
0.562927
-0.993456
0.735805
0.031547
-0.777047
0.984276
-0.509684
-0.317972
0.925365
-0.891746
0.240403
0.57747
-0.995322
0.723702
0.049236
-0.788067
0.980995
-0.494374
-0.334705
0.93193
-0.883595
0.223183
0.591831
-0.996876
0.711372
0.066908
-0.798841
0.977406
-0.47891
-0.351334
0.938204
-0.875168
0.205892
0.606008
-0.998118
0.69882
0.08456
-0.809364
0.973511
-0.463295
-0.367852
0.944183
-0.866466
0.188537
0.619994
-0.999047
0.686048
0.102185
-0.819634
0.969311
-0.447535
-0.384255
0.949866
-0.857493
0.171123
0.633786
-0.999663
0.673061
0.119779
-0.829647
0.964808
-0.431634
-0.400538
0.955252
-0.848251
0.153656
0.647379
-0.999966
0.659864
0.137334
-0.839399
0.960002
-0.415599
-0.416695
0.960339
-0.838743
0.13614
0.660769
-0.999955
0.646459
0.154847
-0.848889
0.954895
-0.399433
-0.432722
0.965124
-0.828973
0.118582
0.673953
-0.999631
0.632853
0.172311
-0.858113
0.949489
-0.383142
-0.448613
0.969607
-0.818942
0.100986
0.686925
-0.998994
0.619047
0.189721
-0.867068
0.943785
-0.366731
-0.464363
0.973786
-0.808655
0.083359
0.699682
-0.998044
0.605048
0.207072
-0.875751
0.937786
-0.350204
-0.479968
0.97766
-0.798115
0.065705
0.712219
-0.99678
0.590859
0.224358
-0.884159
0.931492
-0.333569
-0.495422
0.981228
-0.787324
0.048031
0.724534
-0.995205
0.576485
0.241573
-0.892291
0.924907
-0.316828
-0.510721
0.984488
-0.776287
0.030342
0.736621
-0.993318
0.56193
0.258713
-0.900143
0.918032
-0.299989
-0.525861
0.987439
-0.765007
0.012644
0.748477
-0.991119
0.5472
0.275772
-0.907713
0.910869
-0.283055
-0.540835
0.990082
-0.753486
-0.005059
0.760099
-0.98861
0.532297
0.292744
-0.914998
0.903421
-0.266033
-0.55564
0.992413
-0.74173
-0.02276
0.771483
-0.98579
0.517228
0.309625
-0.921997
0.89569
-0.248927
-0.57027
0.994434
-0.729741
-0.040453
0.782625
-0.982662
0.501997
0.326408
-0.928706
0.887678
-0.231743
-0.584722
0.996144
-0.717523
-0.058134
0.793522
-0.979226
0.486608
0.343089
-0.935125
0.879387
-0.214487
-0.598991
0.997541
-0.705081
-0.075797
0.80417
-0.975484
0.471067
0.359663
-0.94125
0.870822
-0.197163
-0.613072
0.998625
-0.692417
-0.093436
0.814566
-0.971435
0.455379
0.376124
-0.947081
0.861983
-0.179778
-0.626961
0.999397
-0.679537
-0.111046
0.824707
-0.967082
0.439547
0.392467
-0.952615
0.852874
-0.162336
-0.640654
0.999855
-0.666444
-0.128621
0.834589
-0.962426
0.423578
0.408687
-0.95785
0.843498
-0.144844
-0.654145
1
-0.653142
-0.146156
0.84421
-0.957468
0.407477
0.424779
-0.962785
0.833857
-0.127306
-0.667432
0.999831
-0.639635
-0.163645
0.853566
-0.952211
0.391247
0.440738
-0.967419
0.823956
-0.109728
-0.68051
0.99935
-0.625927
-0.181083
0.862654
-0.946655
0.374895
0.456559
-0.971749
0.813796
-0.092116
-0.693374
0.998555
-0.612024
-0.198464
0.871473
-0.940802
0.358425
0.472237
-0.975775
0.803381
-0.074475
-0.706021
0.997447
-0.597929
-0.215782
0.880018
-0.934654
0.341843
7.299666e-312
-1.727382e-77
1.219061e-152
9.061578e+227
2.435337e-152
1.667446e+243
6.938783e+252
1.695947e-152
2.195295e-152
3.816422e+180
1.072166e+200
1.677515e+243
1.626921e+219
1.250137e+243
7.043786e+199
2.990918e-260
1.424059e-306
-3.117452e+231
1.446298e-307
7.69372e-309
3.556847e-261
8.653923e-310
1.477586e-308
4.356459e+251
8.290519e-316
6.365987e-314
